#doc source topic proportion ...
000206136900010 1 
000207215100003 0 
000207455100008 1 
000207489400002 3 
000207594500008 0 
000208007100024 3 
000208008100018 3 
000208009400017 3 
000208045600001 0 
000208120400009 3 
000208232900002 2 
000208258600008 1 
000208356000011 1 
000208581500002 3 
000208678900001 0 
000208719900007 2 
000208735400003 3 
000208735800003 3 
000208759600076 1 
000208874500007 1 
000208974600013 3 
000208974600110 1 
000208975100041 1 
000208988200223 1 
000208992600018 2 
000209333300020 3 
000209525600003 3 
000209729200005 0 
000209844600001 2 
000209953700003 1 
000239675500006 3 
